,V1,V2,V3,V4,V5,V6,V7,V8,V9,V10,V11,V12,V13,V14,V15,V16,V17,V18,V19,V20,V21,V22,V23,V24,V25,V26,V27,V28,V29,V30,V31,V321,0,394691,295397,749569,146669,413035,304647,287328,489736,997674,1073904,412829,192461,974902,337312,343005,512810,454090,387582,755627,141470,545884,192609,237696,233342,192461,219814,367711,166530,51881,232628,10580092,394691,0,457019,1129881,540014,406546,90342,468602,869566,1345800,1397383,383275,278777,1330106,72913,70375,896400,359231,725560,1126171,533156,407279,202359,575088,353968,278777,610859,47188,538377,366487,573755,13818803,295397,457019,0,923784,328195,174074,387228,20391,685301,1213291,1310934,663016,195637,1182683,443104,448838,696550,685376,646965,949810,372568,768895,321547,514219,503437,195637,427766,461114,428742,334356,507688,12951264,749569,1129881,923784,0,624158,1094179,1043659,904500,260715,324128,464457,940078,931161,281464,1062687,1067398,237021,1007682,429360,74228,608855,1084157,935521,561414,816524,931161,531505,1093978,592189,766366,561220,4513335,146669,540014,328195,624158,0,484240,449716,312450,370440,894227,985196,523110,308148,866837,483917,489631,388139,573684,321318,639041,57336,666241,337661,207526,341610,308148,100462,514210,121469,187107,200062,9693356,413035,406546,174074,1094179,484240,0,366722,194368,850565,1377410,1468981,704300,240671,1348510,421413,425872,864016,710197,792286,1117340,520405,782042,351938,648621,574392,240671,584629,428158,568842,436928,642943,14531017,304647,90342,387228,1043659,449716,366722,0,396511,783041,1266732,1323593,359641,198515,1249519,56665,62066,809183,351763,645465,1042004,443798,417028,112116,493052,290510,198515,521749,75270,451517,278207,491200,13079638,287328,468602,20391,904500,312450,194368,396511,0,667094,1195108,1293728,663110,201847,1164211,451921,457737,677912,687398,632288,931078,358247,771998,326032,501686,500517,201847,411502,470937,415576,328322,495036,12779369,489736,869566,685301,260715,370440,850565,783041,667094,0,528013,632998,703882,674129,497957,802930,807736,35324,770110,199723,268642,349904,852444,674814,306713,565022,674129,273887,834257,331529,505652,305548,61748910,997674,1345800,1213291,324128,894227,1377410,1266732,1195108,528013,0,155307,1081343,1188660,49110,1274251,1278036,519114,1148027,621325,272185,865347,1207890,1167249,774793,1002087,1188660,794627,1304468,831416,1001843,777354,14670211,1073904,1397383,1310934,464457,985196,1468981,1323593,1293728,632998,155307,0,1100540,1266364,204357,1324720,1327935,630853,1164828,687349,402533,949707,1214899,1230745,841104,1045782,1266364,884741,1353807,907990,1071171,844861,1590712,412829,383275,663016,940078,523110,704300,359641,663110,703882,1081343,1100540,0,477383,1077022,321750,320847,737945,67898,511832,913124,479117,150609,353881,409729,182316,477383,530783,337230,437909,361018,413710,108604513,192461,278777,195637,931161,308148,240671,198515,201847,674129,1188660,1266364,477383,0,1164774,252254,258212,694365,493926,579852,942125,324934,575153,127098,428510,334901,0,400312,273770,358684,203313,423871,125046814,974902,1330106,1182683,281464,866837,1348510,1249519,1164211,497957,49110,204357,1077022,1164774,0,1259110,1263069,486536,1144206,604549,235257,840371,1206977,1148143,756569,990152,1164774,768011,1289612,809304,981381,758702,19542315,337312,72913,443104,1062687,483917,421413,56665,451921,802930,1274251,1324720,321750,252254,1259110,0,6110,830574,306237,654701,1057206,472209,365923,150457,505395,281072,252254,548957,31346,472827,304140,504367,130923416,343005,70375,448838,1067398,489631,425872,62066,457737,807736,1278036,1327935,320847,258212,1263069,6110,0,835479,304088,658735,1061633,477632,362607,156485,509736,283742,258212,554289,26663,477820,309517,508771,131246317,512810,896400,696550,237021,388139,864016,809183,677912,35324,519114,630853,737945,694365,486536,830574,835479,0,803975,235024,253384,371891,886775,700052,338262,596844,694365,294489,861919,358035,531188,336719,61556818,454090,359231,685376,1007682,573684,710197,351763,687398,770110,1148027,1164828,67898,493926,1144206,306237,304088,803975,0,579134,981008,532876,92580,367233,473127,232817,493926,588681,315857,495721,402378,476740,115046319,387582,725560,646965,429360,321318,792286,645465,632288,199723,621325,687349,511832,579852,604549,654701,658735,235024,579134,0,409494,274512,658108,546641,154346,391687,579852,228574,685320,223789,384054,157694,67148420,755627,1126171,949810,74228,639041,1117340,1042004,931078,268642,272185,402533,913124,942125,235257,1057206,1061633,253384,981008,409494,0,617336,1053831,936406,552059,801027,942125,542247,1088295,593174,767548,552868,38861721,141470,533156,372568,608855,57336,520405,443798,358247,349904,865347,949707,479117,324934,840371,472209,477632,371891,532876,274512,617336,0,625088,332417,151143,300086,324934,78378,503222,64252,168203,143772,93380722,545884,407279,768895,1084157,666241,782042,417028,771998,852444,1207890,1214899,150609,575153,1206977,365923,362607,886775,92580,658108,1053831,625088,0,448072,560317,325155,575153,679741,368872,586762,494290,564319,120101723,192609,202359,321547,935521,337661,351938,112116,326032,674814,1167249,1230745,353881,127098,1148143,150457,156485,700052,367233,546641,936406,332417,448072,0,392554,230671,127098,410593,179023,343712,169204,389895,121498824,237696,575088,514219,561414,207526,648621,493052,501686,306713,774793,841104,409729,428510,756569,505395,509736,338262,473127,154346,552059,151143,560317,392554,0,258598,428510,149186,536397,87772,230075,7575,82526225,233342,353968,503437,816524,341610,574392,290510,500517,565022,1002087,1045782,182316,334901,990152,281072,283742,596844,232817,391687,801027,300086,325155,230671,258598,0,334901,358169,309001,265707,182228,260435,103041226,192461,278777,195637,931161,308148,240671,198515,201847,674129,1188660,1266364,477383,0,1164774,252254,258212,694365,493926,579852,942125,324934,575153,127098,428510,334901,0,400312,273770,358684,203313,423871,125046827,219814,610859,427766,531505,100462,584629,521749,411502,273887,794627,884741,530783,400312,768011,548957,554289,294489,588681,228574,542247,78378,679741,410593,149186,358169,400312,0,580092,92982,244879,141971,86888228,367711,47188,461114,1093978,514210,428158,75270,470937,834257,1304468,1353807,337230,273770,1289612,31346,26663,861919,315857,685320,1088295,503222,368872,179023,536397,309001,273770,580092,0,504169,335236,535433,133835329,166530,538377,428742,592189,121469,568842,451517,415576,331529,831416,907990,437909,358684,809304,472827,477820,358035,495721,223789,593174,64252,586762,343712,87772,265707,358684,92982,504169,0,174550,80613,89208830,51881,366487,334356,766366,187107,436928,278207,328322,505652,1001843,1071171,361018,203313,981381,304140,309517,531188,402378,384054,767548,168203,494290,169204,230075,182228,203313,244879,335236,174550,0,226373,105532531,232628,573755,507688,561220,200062,642943,491200,495036,305548,777354,844861,413710,423871,758702,504367,508771,336719,476740,157694,552868,143772,564319,389895,7575,260435,423871,141971,535433,80613,226373,0,82900832,1058009,1381880,1295126,451333,969335,1453101,1307963,1277936,617489,146702,15907,1086045,1250468,195423,1309234,1312463,615568,1150463,671484,388617,933807,1201017,1214988,825262,1030412,1250468,868882,1338353,892088,1055325,829008,0