"Asikli","Gedik Pasa","Kocatepe","Cafer Huyuk","Boy Tepe","Papazgolu","Golbent Ergani","Cinaz Huyuk","Gobekli","Djade","Cheikh Hassan","Mureybet","Abu Hureyra","Ghoraife","Aswad","Guran","Tell Abdul Hosein","Ali Kosh","Beidha","Yiftael","Kfar Hahoresh","Mujahiya","Nahal Lavan","Jericho","Shillourokambos","Cayonu","Munhata","Nahal Oren","Mikhmoret","Birikin Magarasi","Nevshehir Kogulalti","Halula","Akarcay Tepe","Horvat Galil"
"Asikli",0,0.072,0.084,0,0,0,0,0,0.356,0.435,0.781,0.221,0.104,0.416,0.738,0,0,0,0.57,0.906,0.839,0.778,0.636,0.998,0.844,0,0.148,0.994,0.914,0,0.977,0.066,0.054,0.982
"Gedik Pasa",0.072,0,0.5,0,0,0,0,0,0,0,0,0,0,0,0,0,0,0,0,0,0,0,0,0,0.101,0,0.535,0,0,0,0,0,0,0
"Kocatepe",0.084,0.5,0,0,0,0,0,0,0,0,0,0,0,0,0,0,0,0,0,0,0,0,0,0,0.112,0,0.511,0,0,0,0,0,0,0
"Cafer Huyuk",0,0,0,0,0.945,0.616,0.624,0.895,0.259,0.031,0,0.08,0.018,0.011,0,0.055,0,0.897,0,0,0,0,0,0,0,0.122,0,0,0,0.965,0,0.087,0,0
"Boy Tepe",0,0,0,0.945,0,0,0,0.263,0.137,0.079,0,0.04,0.038,0,0,0.029,0,0.564,0,0,0,0,0,0,0,0.034,0,0,0,0.512,0,0.011,0,0
"Papazgolu",0,0,0,0.616,0,0,0.487,0.567,0.622,0.097,0,0.053,0.045,0,0,0.032,0,0,0,0,0,0,0,0,0,0.05,0,0,0,0,0,0.016,0,0
"Golbent Ergani",0,0,0,0.624,0,0.487,0,0.586,0.627,0.075,0,0.037,0.036,0,0,0.031,0,0,0,0,0,0,0,0,0,0.047,0,0,0,0,0,0.019,0,0
"Cinaz Huyuk",0,0,0,0.895,0.263,0.567,0.586,0,0.428,0.052,0,0.03,0.031,0,0,0.019,0,0.254,0,0,0,0,0,0,0,0.117,0,0,0,0.283,0,0.042,0,0
"Gobekli",0.356,0,0,0.259,0.137,0.622,0.627,0.428,0,0.371,0.289,0.39,0.322,0.291,0.32,0.034,0,0.286,0.348,0.275,0.284,0.302,0.388,0.151,0.4,0.129,0,0.286,0.29,0.14,0.309,0.307,0.09,0.307
"Djade",0.435,0,0,0.031,0.079,0.097,0.075,0.052,0.371,0,0.644,0.427,0.23,0.5,0.692,0.018,0,0.181,0.582,0.815,0.773,0.657,0.436,0.994,0.454,0.028,0,0.986,0.87,0.089,0.957,0.185,0.072,0.952
"Cheikh Hassan",0.781,0,0,0,0,0,0,0,0.289,0.644,0,0.178,0.042,0.193,0.728,0,0,0,0.372,0.999,0.999,1,1,0.996,0.999,0,0,0.99,0.987,0,0.991,0.005,0.011,0.993
"Mureybet",0.221,0,0,0.08,0.04,0.053,0.037,0.03,0.39,0.427,0.178,0,0.13,0.424,0.232,0.008,0,0.094,0.445,0.296,0.241,0.187,0.307,0.675,0.298,0.012,0,0.431,0.303,0.044,0.428,0.127,0.031,0.42
"Abu Hureyra",0.104,0,0,0.018,0.038,0.045,0.036,0.031,0.322,0.23,0.042,0.13,0,0.034,0.043,0.516,0,0.078,0.371,0.034,0.03,0.044,0.194,0.035,0.165,0.29,0,0.078,0.037,0.032,0.015,0.108,0.902,0.014
"Ghoraife",0.416,0,0,0.011,0,0,0,0,0.291,0.5,0.193,0.424,0.034,0,0.582,0,0.019,0,0.381,0.281,0.279,0.321,0.54,0.234,0.507,0,0,0.323,0.177,0,0.257,0.151,0.018,0.245
"Aswad",0.738,0,0,0,0,0,0,0,0.32,0.692,0.728,0.232,0.043,0.582,0,0,0.001,0,0.396,0.822,0.825,0.723,0.878,0.975,0.846,0,0,0.943,0.85,0,0.929,0.052,0.016,0.94
"Guran",0,0,0,0.055,0.029,0.032,0.031,0.019,0.034,0.018,0,0.008,0.516,0,0,0,0,0.065,0.018,0,0,0,0,0,0,0.857,0,0,0,0.031,0,0.005,0.418,0
"Tell Abdul Hosein",0,0,0,0,0,0,0,0,0,0,0,0,0,0.019,0.001,0,0,0,0,0,0,0,0,0,0,0,0,0,0,0,0,0.04,0,0
"Ali Kosh",0,0,0,0.897,0.564,0,0,0.254,0.286,0.181,0,0.094,0.078,0,0,0.065,0,0,0,0,0,0,0,0,0,0.07,0,0,0,0.552,0,0.025,0,0
"Beidha",0.57,0,0,0,0,0,0,0,0.348,0.582,0.372,0.445,0.371,0.381,0.396,0.018,0,0,0,0.377,0.442,0.456,0.645,0.27,0.618,0.021,0,0.239,0.254,0,0.356,0.005,0.393,0.347
"Yiftael",0.906,0,0,0,0,0,0,0,0.275,0.815,0.999,0.296,0.034,0.281,0.822,0,0,0,0.377,0,0.994,0.999,1,0.977,1,0,0,0.946,0.997,0,0.985,0.004,0.039,0.988
"Kfar Hahoresh",0.839,0,0,0,0,0,0,0,0.284,0.773,0.999,0.241,0.03,0.279,0.825,0,0,0,0.442,0.994,0,1,1,0.977,1,0,0,0.963,0.997,0,0.963,0.001,0.017,0.959
"Mujahiya",0.778,0,0,0,0,0,0,0,0.302,0.657,1,0.187,0.044,0.321,0.723,0,0,0,0.456,0.999,1,0,1,0.999,0.998,0,0,0.996,0.999,0,1,0.008,0.015,0.999
"Nahal Lavan",0.636,0,0,0,0,0,0,0,0.388,0.436,1,0.307,0.194,0.54,0.878,0,0,0,0.645,1,1,1,0,1,0.984,0,0,1,1,0,1,0.142,0.08,1
"Jericho",0.998,0,0,0,0,0,0,0,0.151,0.994,0.996,0.675,0.035,0.234,0.975,0,0,0,0.27,0.977,0.977,0.999,1,0,1,0,0,0.521,0.96,0,0.864,0.012,0,0.875
"Shillourokambos",0.844,0.101,0.112,0,0,0,0,0,0.4,0.454,0.999,0.298,0.165,0.507,0.846,0,0,0,0.618,1,1,0.998,0.984,1,0,0,0.22,1,1,0,1,0.121,0.07,1
"Cayonu",0,0,0,0.122,0.034,0.05,0.047,0.117,0.129,0.028,0,0.012,0.29,0,0,0.857,0,0.07,0.021,0,0,0,0,0,0,0,0,0,0,0.042,0,0.024,0.265,0
"Munhata",0.148,0.535,0.511,0,0,0,0,0,0,0,0,0,0,0,0,0,0,0,0,0,0,0,0,0,0.22,0,0,0,0,0,0,0,0,0
"Nahal Oren",0.994,0,0,0,0,0,0,0,0.286,0.986,0.99,0.431,0.078,0.323,0.943,0,0,0,0.239,0.946,0.963,0.996,1,0.521,1,0,0,0,0.924,0,0.802,0.025,0,0.8
"Mikhmoret",0.914,0,0,0,0,0,0,0,0.29,0.87,0.987,0.303,0.037,0.177,0.85,0,0,0,0.254,0.997,0.997,0.999,1,0.96,1,0,0,0.924,0,0,0.984,0.003,0.016,0.98
"Birikin Magarasi",0,0,0,0.965,0.512,0,0,0.283,0.14,0.089,0,0.044,0.032,0,0,0.031,0,0.552,0,0,0,0,0,0,0,0.042,0,0,0,0,0,0.008,0,0
"Nevshehir Kogulalti",0.977,0,0,0,0,0,0,0,0.309,0.957,0.991,0.428,0.015,0.257,0.929,0,0,0,0.356,0.985,0.963,1,1,0.864,1,0,0,0.802,0.984,0,0,0.003,0.045,0.759
"Halula",0.066,0,0,0.087,0.011,0.016,0.019,0.042,0.307,0.185,0.005,0.127,0.108,0.151,0.052,0.005,0.04,0.025,0.005,0.004,0.001,0.008,0.142,0.012,0.121,0.024,0,0.025,0.003,0.008,0.003,0,0.007,0.008
"Akarcay Tepe",0.054,0,0,0,0,0,0,0,0.09,0.072,0.011,0.031,0.902,0.018,0.016,0.418,0,0,0.393,0.039,0.017,0.015,0.08,0,0.07,0.265,0,0,0.016,0,0.045,0.007,0,0.036
"Horvat Galil",0.982,0,0,0,0,0,0,0,0.307,0.952,0.993,0.42,0.014,0.245,0.94,0,0,0,0.347,0.988,0.959,0.999,1,0.875,1,0,0,0.8,0.98,0,0.759,0.008,0.036,0
